{
  "Dog": {
    "breeds": [
      "Mixed Breed",
      "Labrador Retriever",
      "Shih Tzu",
      "Terrier",
      "Golden Retriever",
      "Poodle",
      "Rottweiler",
      "German Shepherd Dog",
      "Miniature Pinscher",
      "Schnauzer",
      "Spitz",
      "Jack Russell Terrier",
      "Doberman Pinscher",
      "Cocker Spaniel",
      "Chihuahua",
      "Beagle",
      "Husky"
    ],
    "cluster_labels": [
      1,
      1,
      0,
      3,
      1,
      3,
      2,
      4,
      3,
      2,
      4,
      4,
      1,
      2,
      0,
      2,
      0
    ],
    "n_clusters": 5,
    "cluster_breeds": {
      "0": [
        "Shih Tzu",
        "Chihuahua",
        "Husky"
      ],
      "1": [
        "Mixed Breed",
        "Labrador Retriever",
        "Golden Retriever",
        "Doberman Pinscher"
      ],
      "2": [
        "Rottweiler",
        "Schnauzer",
        "Cocker Spaniel",
        "Beagle"
      ],
      "3": [
        "Terrier",
        "Poodle",
        "Miniature Pinscher"
      ],
      "4": [
        "German Shepherd Dog",
        "Spitz",
        "Jack Russell Terrier"
      ]
    },
    "cluster_speed": {
      "0": [
        0.0175,
        0.3158,
        0.3158,
        0.2807,
        0.0702
      ],
      "1": [
        0.0162,
        0.1572,
        0.2731,
        0.2342,
        0.3193
      ],
      "2": [
        0.069,
        0.3448,
        0.1552,
        0.2586,
        0.1724
      ],
      "3": [
        0.0,
        0.2239,
        0.3134,
        0.3134,
        0.1493
      ],
      "4": [
        0.0222,
        0.2,
        0.3333,
        0.2667,
        0.1778
      ]
    },
    "breed_speed": {
      "0": [
        0.0139,
        0.0227,
        0.027,
        0.0,
        0.1034,
        0.0,
        0.0,
        0.0,
        0.0,
        0.2143,
        0.0714,
        0.0,
        0.0,
        0.0833,
        0.0,
        0.0,
        0.0
      ],
      "1": [
        0.1497,
        0.2273,
        0.3784,
        0.2759,
        0.2759,
        0.2083,
        0.4091,
        0.2632,
        0.1429,
        0.3571,
        0.0714,
        0.25,
        0.3333,
        0.25,
        0.2,
        0.3,
        0.2
      ],
      "2": [
        0.275,
        0.2273,
        0.3243,
        0.2414,
        0.3448,
        0.4167,
        0.1818,
        0.3684,
        0.2857,
        0.0,
        0.3571,
        0.25,
        0.0833,
        0.25,
        0.3,
        0.2,
        0.3
      ],
      "3": [
        0.228,
        0.3182,
        0.2162,
        0.3448,
        0.2759,
        0.25,
        0.1818,
        0.1579,
        0.3571,
        0.2143,
        0.2857,
        0.4167,
        0.4167,
        0.4167,
        0.3,
        0.3,
        0.5
      ],
      "4": [
        0.3333,
        0.2045,
        0.0541,
        0.1379,
        0.0,
        0.125,
        0.2273,
        0.2105,
        0.2143,
        0.2143,
        0.2143,
        0.0833,
        0.1667,
        0.0,
        0.2,
        0.2,
        0.0
      ]
    },
    "similarity": [
      [
        1.0,
        0.0216,
        -0.2862,
        -0.1528,
        -0.0059,
        -0.0181,
        0.635,
        0.8887,
        0.0596,
        -0.4475,
        0.6047,
        0.6998,
        0.9267,
        0.2233,
        0.2075,
        0.2877,
        0.1317
      ],
      [
        0.0216,
        1.0,
        -0.4774,
        0.3291,
        0.9457,
        -0.4587,
        -0.4136,
        -0.0654,
        0.294,
        -0.2564,
        0.0101,
        0.2707,
        -0.1794,
        -0.7161,
        -0.5954,
        -0.2646,
        -0.8332
      ],
      [
        -0.2862,
        -0.4774,
        1.0,
        0.2635,
        -0.2692,
        0.7313,
        -0.4956,
        0.151,
        -0.3628,
        -0.2826,
        0.4784,
        0.0014,
        -0.4318,
        -0.2383,
        0.7734,
        -0.6577,
        0.6002
      ],
      [
        -0.1528,
        0.3291,
        0.2635,
        1.0,
        0.4204,
        0.6349,
        -0.4483,
        0.1195,
        0.6986,
        -0.4918,
        0.2504,
        -0.2341,
        -0.3026,
        -0.3791,
        0.3276,
        -0.8109,
        -0.5245
      ],
      [
        -0.0059,
        0.9457,
        -0.2692,
        0.4204,
        1.0,
        -0.2583,
        -0.5758,
        0.0107,
        0.296,
        -0.2349,
        0.1166,
        0.2473,
        -0.2522,
        -0.7928,
        -0.3664,
        -0.4467,
        -0.7198
      ],
      [
        -0.0181,
        -0.4587,
        0.7313,
        0.6349,
        -0.2583,
        1.0,
        -0.165,
        0.3581,
        0.3062,
        -0.3288,
        0.4348,
        -0.2325,
        -0.0764,
        0.0936,
        0.9136,
        -0.6287,
        0.2951
      ],
      [
        0.635,
        -0.4136,
        -0.4956,
        -0.4483,
        -0.5758,
        -0.165,
        1.0,
        0.3372,
        0.1036,
        0.1065,
        -0.0708,
        0.0982,
        0.8671,
        0.8378,
        -0.0302,
        0.7926,
        0.2125
      ],
      [
        0.8887,
        -0.0654,
        0.151,
        0.1195,
        0.0107,
        0.3581,
        0.3372,
        1.0,
        0.0152,
        -0.6727,
        0.8763,
        0.7166,
        0.7098,
        0.0125,
        0.5604,
        -0.1293,
        0.2702
      ],
      [
        0.0596,
        0.294,
        -0.3628,
        0.6986,
        0.296,
        0.3062,
        0.1036,
        0.0152,
        1.0,
        -0.0217,
        -0.2078,
        -0.4663,
        0.1318,
        0.1617,
        0.0172,
        -0.1831,
        -0.6843
      ],
      [
        -0.4475,
        -0.2564,
        -0.2826,
        -0.4918,
        -0.2349,
        -0.3288,
        0.1065,
        -0.6727,
        -0.0217,
        1.0,
        -0.8471,
        -0.6489,
        -0.167,
        0.4543,
        -0.3078,
        0.5409,
        0.1025
      ],
      [
        0.6047,
        0.0101,
        0.4784,
        0.2504,
        0.1166,
        0.4348,
        -0.0708,
        0.8763,
        -0.2078,
        -0.8471,
        1.0,
        0.7715,
        0.3125,
        -0.3568,
        0.598,
        -0.4735,
        0.3033
      ],
      [
        0.6998,
        0.2707,
        0.0014,
        -0.2341,
        0.2473,
        -0.2325,
        0.0982,
        0.7166,
        -0.4663,
        -0.6489,
        0.7715,
        1.0,
        0.4426,
        -0.3857,
        0.0295,
        -0.0124,
        0.1826
      ],
      [
        0.9267,
        -0.1794,
        -0.4318,
        -0.3026,
        -0.2522,
        -0.0764,
        0.8671,
        0.7098,
        0.1318,
        -0.167,
        0.3125,
        0.4426,
        1.0,
        0.5573,
        0.131,
        0.5624,
        0.1744
      ],
      [
        0.2233,
        -0.7161,
        -0.2383,
        -0.3791,
        -0.7928,
        0.0936,
        0.8378,
        0.0125,
        0.1617,
        0.4543,
        -0.3568,
        -0.3857,
        0.5573,
        1.0,
        0.1579,
        0.6995,
        0.3634
      ],
      [
        0.2075,
        -0.5954,
        0.7734,
        0.3276,
        -0.3664,
        0.9136,
        -0.0302,
        0.5604,
        0.0172,
        -0.3078,
        0.598,
        0.0295,
        0.131,
        0.1579,
        1.0,
        -0.4576,
        0.5966
      ],
      [
        0.2877,
        -0.2646,
        -0.6577,
        -0.8109,
        -0.4467,
        -0.6287,
        0.7926,
        -0.1293,
        -0.1831,
        0.5409,
        -0.4735,
        -0.0124,
        0.5624,
        0.6995,
        -0.4576,
        1.0,
        0.1766
      ],
      [
        0.1317,
        -0.8332,
        0.6002,
        -0.5245,
        -0.7198,
        0.2951,
        0.2125,
        0.2702,
        -0.6843,
        0.1025,
        0.3033,
        0.1826,
        0.1744,
        0.3634,
        0.5966,
        0.1766,
        1.0
      ]
    ],
    "feature_names": [
      "Brightness",
      "Blurriness",
      "Contrast",
      "Colorfulness",
      "Saturation"
    ],
    "cluster_profiles": {
      "0": {
        "Brightness": 0.5766,
        "Blurriness": -0.1505,
        "Contrast": 0.0448,
        "Colorfulness": -0.3153,
        "Saturation": -0.5164
      },
      "1": {
        "Brightness": -0.0021,
        "Blurriness": 0.168,
        "Contrast": -0.0371,
        "Colorfulness": 0.1175,
        "Saturation": 0.0186
      },
      "2": {
        "Brightness": -0.1096,
        "Blurriness": 0.0872,
        "Contrast": 0.496,
        "Colorfulness": 0.0356,
        "Saturation": 0.0122
      },
      "3": {
        "Brightness": 0.3555,
        "Blurriness": -0.1795,
        "Contrast": -0.0787,
        "Colorfulness": 0.2522,
        "Saturation": 0.1412
      },
      "4": {
        "Brightness": 0.3001,
        "Blurriness": 0.4306,
        "Contrast": -0.1876,
        "Colorfulness": -0.0598,
        "Saturation": -0.1502
      }
    }
  },
  "Cat": {
    "breeds": [
      "Domestic Short Hair",
      "Domestic Medium Hair",
      "Tabby",
      "Domestic Long Hair",
      "Persian",
      "Siamese",
      "American Shorthair",
      "Oriental Short Hair",
      "Calico",
      "Tuxedo",
      "Tortoiseshell",
      "Bengal",
      "Russian Blue"
    ],
    "cluster_labels": [
      0,
      0,
      0,
      0,
      0,
      0,
      3,
      0,
      2,
      0,
      4,
      1,
      1
    ],
    "n_clusters": 5,
    "cluster_breeds": {
      "0": [
        "Domestic Short Hair",
        "Domestic Medium Hair",
        "Tabby",
        "Domestic Long Hair",
        "Persian",
        "Siamese",
        "Oriental Short Hair",
        "Tuxedo"
      ],
      "1": [
        "Bengal",
        "Russian Blue"
      ],
      "2": [
        "Calico"
      ],
      "3": [
        "American Shorthair"
      ],
      "4": [
        "Tortoiseshell"
      ]
    },
    "cluster_speed": {
      "0": [
        0.0386,
        0.2496,
        0.2709,
        0.1888,
        0.2521
      ],
      "1": [
        0.0417,
        0.2917,
        0.375,
        0.0833,
        0.2083
      ],
      "2": [
        0.0,
        0.375,
        0.25,
        0.1875,
        0.1875
      ],
      "3": [
        0.1304,
        0.2609,
        0.3043,
        0.1304,
        0.1739
      ],
      "4": [
        0.0667,
        0.1333,
        0.4667,
        0.0667,
        0.2667
      ]
    },
    "breed_speed": {
      "0": [
        0.0291,
        0.0398,
        0.0526,
        0.0597,
        0.087,
        0.087,
        0.1304,
        0.0,
        0.0,
        0.0625,
        0.0667,
        0.0714,
        0.0
      ],
      "1": [
        0.2271,
        0.2611,
        0.2632,
        0.3582,
        0.2826,
        0.3478,
        0.2609,
        0.3158,
        0.375,
        0.125,
        0.1333,
        0.2857,
        0.3
      ],
      "2": [
        0.2812,
        0.2832,
        0.25,
        0.209,
        0.3043,
        0.2174,
        0.3043,
        0.1053,
        0.25,
        0.25,
        0.4667,
        0.2857,
        0.5
      ],
      "3": [
        0.2064,
        0.1593,
        0.1579,
        0.1493,
        0.1522,
        0.1957,
        0.1304,
        0.2105,
        0.1875,
        0.1875,
        0.0667,
        0.0714,
        0.1
      ],
      "4": [
        0.2562,
        0.2566,
        0.2763,
        0.2239,
        0.1739,
        0.1522,
        0.1739,
        0.3684,
        0.1875,
        0.375,
        0.2667,
        0.2857,
        0.1
      ]
    },
    "similarity": [
      [
        1.0,
        0.918,
        0.304,
        0.8927,
        0.963,
        0.457,
        0.7726,
        0.4552,
        -0.4748,
        0.3546,
        -0.025,
        0.1998,
        -0.3844
      ],
      [
        0.918,
        1.0,
        0.6112,
        0.9795,
        0.8692,
        0.1552,
        0.7752,
        0.3677,
        -0.4377,
        0.5994,
        0.2676,
        -0.0222,
        -0.4405
      ],
      [
        0.304,
        0.6112,
        1.0,
        0.54,
        0.2117,
        -0.6006,
        0.2386,
        -0.1382,
        -0.08,
        0.8076,
        0.3566,
        -0.6441,
        -0.6066
      ],
      [
        0.8927,
        0.9795,
        0.54,
        1.0,
        0.8322,
        0.256,
        0.7452,
        0.4291,
        -0.3397,
        0.5953,
        0.4081,
        -0.001,
        -0.4041
      ],
      [
        0.963,
        0.8692,
        0.2117,
        0.8322,
        1.0,
        0.4067,
        0.8981,
        0.5355,
        -0.6827,
        0.1692,
        -0.0875,
        0.4148,
        -0.1444
      ],
      [
        0.457,
        0.1552,
        -0.6006,
        0.256,
        0.4067,
        1.0,
        0.1528,
        0.4367,
        0.0989,
        -0.236,
        -0.1059,
        0.4508,
        -0.0148
      ],
      [
        0.7726,
        0.7752,
        0.2386,
        0.7452,
        0.8981,
        0.1528,
        1.0,
        0.6345,
        -0.8515,
        0.024,
        0.0681,
        0.5562,
        0.1712
      ],
      [
        0.4552,
        0.3677,
        -0.1382,
        0.4291,
        0.5355,
        0.4367,
        0.6345,
        1.0,
        -0.3664,
        -0.3635,
        0.0824,
        0.5957,
        0.1868
      ],
      [
        -0.4748,
        -0.4377,
        -0.08,
        -0.3397,
        -0.6827,
        0.0989,
        -0.8515,
        -0.3664,
        1.0,
        0.2481,
        0.2745,
        -0.6547,
        -0.4327
      ],
      [
        0.3546,
        0.5994,
        0.8076,
        0.5953,
        0.1692,
        -0.236,
        0.024,
        -0.3635,
        0.2481,
        1.0,
        0.5148,
        -0.7576,
        -0.7365
      ],
      [
        -0.025,
        0.2676,
        0.3566,
        0.4081,
        -0.0875,
        -0.1059,
        0.0681,
        0.0824,
        0.2745,
        0.5148,
        1.0,
        -0.2712,
        -0.023
      ],
      [
        0.1998,
        -0.0222,
        -0.6441,
        -0.001,
        0.4148,
        0.4508,
        0.5562,
        0.5957,
        -0.6547,
        -0.7576,
        -0.2712,
        1.0,
        0.7657
      ],
      [
        -0.3844,
        -0.4405,
        -0.6066,
        -0.4041,
        -0.1444,
        -0.0148,
        0.1712,
        0.1868,
        -0.4327,
        -0.7365,
        -0.023,
        0.7657,
        1.0
      ]
    ],
    "feature_names": [
      "Brightness",
      "Blurriness",
      "Contrast",
      "Colorfulness",
      "Saturation"
    ],
    "cluster_profiles": {
      "0": {
        "Brightness": -0.0937,
        "Blurriness": -0.1841,
        "Contrast": -0.0129,
        "Colorfulness": -0.0824,
        "Saturation": 0.001
      },
      "1": {
        "Brightness": -0.3238,
        "Blurriness": 0.3225,
        "Contrast": -0.3447,
        "Colorfulness": -0.1193,
        "Saturation": -0.0347
      },
      "2": {
        "Brightness": 0.7006,
        "Blurriness": 0.0196,
        "Contrast": 0.249,
        "Colorfulness": -0.0833,
        "Saturation": -0.3279
      },
      "3": {
        "Brightness": -0.8302,
        "Blurriness": -0.3343,
        "Contrast": -0.163,
        "Colorfulness": -0.3016,
        "Saturation": 0.2746
      },
      "4": {
        "Brightness": -0.137,
        "Blurriness": 0.0162,
        "Contrast": 0.4902,
        "Colorfulness": -0.3294,
        "Saturation": -0.2982
      }
    }
  },
  "cross_similarity": {
    "dog_breeds": [
      "Mixed Breed",
      "Labrador Retriever",
      "Shih Tzu",
      "Terrier",
      "Golden Retriever",
      "Poodle",
      "Rottweiler",
      "German Shepherd Dog",
      "Miniature Pinscher",
      "Schnauzer",
      "Spitz",
      "Jack Russell Terrier",
      "Doberman Pinscher",
      "Cocker Spaniel",
      "Chihuahua",
      "Beagle",
      "Husky"
    ],
    "cat_breeds": [
      "Domestic Short Hair",
      "Domestic Medium Hair",
      "Tabby",
      "Domestic Long Hair",
      "Persian",
      "Siamese",
      "American Shorthair",
      "Oriental Short Hair",
      "Calico",
      "Tuxedo",
      "Tortoiseshell",
      "Bengal",
      "Russian Blue"
    ],
    "similarity": [
      [
        -0.9916,
        -0.9132,
        -0.3427,
        -0.8901,
        -0.9223,
        -0.4622,
        -0.6963,
        -0.4269,
        0.3709,
        -0.4143,
        0.02,
        -0.097,
        0.4945
      ],
      [
        0.0633,
        -0.1589,
        -0.4032,
        -0.2842,
        0.2667,
        0.0025,
        0.3276,
        0.0555,
        -0.7275,
        -0.646,
        -0.779,
        0.6715,
        0.5292
      ],
      [
        0.2119,
        0.0219,
        -0.3618,
        0.1468,
        0.0341,
        0.815,
        -0.2753,
        0.2221,
        0.6204,
        0.0591,
        0.0973,
        -0.0878,
        -0.3979
      ],
      [
        0.0889,
        -0.1645,
        -0.1409,
        -0.2763,
        0.0037,
        0.1843,
        -0.305,
        -0.157,
        0.1536,
        -0.1624,
        -0.8442,
        -0.1636,
        -0.4676
      ],
      [
        0.0776,
        -0.2045,
        -0.5303,
        -0.3119,
        0.2331,
        0.1883,
        0.1809,
        -0.1057,
        -0.5638,
        -0.5813,
        -0.8056,
        0.6099,
        0.4446
      ],
      [
        -0.1002,
        -0.2144,
        -0.0647,
        -0.1883,
        -0.3342,
        0.3084,
        -0.6879,
        -0.2945,
        0.8229,
        0.2433,
        -0.1703,
        -0.5975,
        -0.7041
      ],
      [
        -0.6505,
        -0.3043,
        0.4602,
        -0.2973,
        -0.6462,
        -0.8394,
        -0.3537,
        -0.3012,
        0.2725,
        0.2259,
        0.4922,
        -0.5072,
        0.0629
      ],
      [
        -0.9146,
        -0.9719,
        -0.5733,
        -0.9167,
        -0.9178,
        -0.084,
        -0.861,
        -0.3657,
        0.6251,
        -0.4751,
        -0.1116,
        -0.1064,
        0.3158
      ],
      [
        -0.1042,
        -0.1052,
        0.3714,
        -0.2822,
        -0.1573,
        -0.5119,
        -0.2988,
        -0.5844,
        0.0001,
        0.1994,
        -0.6217,
        -0.4977,
        -0.4552
      ],
      [
        0.4701,
        0.701,
        0.6574,
        0.6872,
        0.43,
        -0.2308,
        0.4315,
        -0.258,
        -0.2693,
        0.7927,
        0.523,
        -0.2799,
        -0.2455
      ],
      [
        -0.6294,
        -0.8357,
        -0.8137,
        -0.7493,
        -0.6337,
        0.3638,
        -0.6683,
        -0.0017,
        0.5551,
        -0.6578,
        -0.2308,
        0.1814,
        0.314
      ],
      [
        -0.645,
        -0.7618,
        -0.8087,
        -0.6775,
        -0.492,
        0.1469,
        -0.269,
        0.1738,
        0.0643,
        -0.8395,
        -0.0574,
        0.5727,
        0.8324
      ],
      [
        -0.9288,
        -0.7107,
        0.0236,
        -0.6991,
        -0.8909,
        -0.7064,
        -0.6283,
        -0.5013,
        0.3695,
        -0.0976,
        0.2431,
        -0.3435,
        0.3168
      ],
      [
        -0.2779,
        0.0977,
        0.762,
        0.1112,
        -0.3948,
        -0.6885,
        -0.2822,
        -0.3765,
        0.4077,
        0.7104,
        0.649,
        -0.8106,
        -0.4094
      ],
      [
        -0.3101,
        -0.3836,
        -0.2305,
        -0.2927,
        -0.5265,
        0.3417,
        -0.8003,
        -0.3431,
        0.9514,
        0.1886,
        0.0952,
        -0.5365,
        -0.4691
      ],
      [
        -0.2432,
        0.1246,
        0.5327,
        0.1402,
        -0.1641,
        -0.7148,
        0.1901,
        -0.1074,
        -0.1936,
        0.3229,
        0.6799,
        -0.1768,
        0.2675
      ],
      [
        -0.1727,
        -0.0606,
        -0.0961,
        0.1287,
        -0.301,
        0.3134,
        -0.3124,
        0.0523,
        0.6716,
        0.2832,
        0.8008,
        -0.2478,
        -0.0795
      ]
    ]
  },
  "combined": {
    "breeds": [
      "Mixed Breed",
      "Labrador Retriever",
      "Shih Tzu",
      "Terrier",
      "Golden Retriever",
      "Poodle",
      "Rottweiler",
      "German Shepherd Dog",
      "Miniature Pinscher",
      "Schnauzer",
      "Spitz",
      "Jack Russell Terrier",
      "Doberman Pinscher",
      "Cocker Spaniel",
      "Chihuahua",
      "Beagle",
      "Husky",
      "Domestic Short Hair",
      "Domestic Medium Hair",
      "Tabby",
      "Domestic Long Hair",
      "Persian",
      "Siamese",
      "American Shorthair",
      "Oriental Short Hair",
      "Calico",
      "Tuxedo",
      "Tortoiseshell",
      "Bengal",
      "Russian Blue"
    ],
    "types": [
      "Dog",
      "Dog",
      "Dog",
      "Dog",
      "Dog",
      "Dog",
      "Dog",
      "Dog",
      "Dog",
      "Dog",
      "Dog",
      "Dog",
      "Dog",
      "Dog",
      "Dog",
      "Dog",
      "Dog",
      "Cat",
      "Cat",
      "Cat",
      "Cat",
      "Cat",
      "Cat",
      "Cat",
      "Cat",
      "Cat",
      "Cat",
      "Cat",
      "Cat",
      "Cat"
    ],
    "cluster_labels": [
      2,
      1,
      3,
      4,
      1,
      3,
      2,
      1,
      4,
      0,
      1,
      1,
      2,
      2,
      3,
      2,
      5,
      0,
      0,
      0,
      0,
      0,
      3,
      0,
      0,
      3,
      0,
      5,
      1,
      1
    ],
    "n_clusters": 6,
    "cluster_breeds": {
      "0": [
        {
          "breed": "Schnauzer",
          "type": "Dog"
        },
        {
          "breed": "Domestic Short Hair",
          "type": "Cat"
        },
        {
          "breed": "Domestic Medium Hair",
          "type": "Cat"
        },
        {
          "breed": "Tabby",
          "type": "Cat"
        },
        {
          "breed": "Domestic Long Hair",
          "type": "Cat"
        },
        {
          "breed": "Persian",
          "type": "Cat"
        },
        {
          "breed": "American Shorthair",
          "type": "Cat"
        },
        {
          "breed": "Oriental Short Hair",
          "type": "Cat"
        },
        {
          "breed": "Tuxedo",
          "type": "Cat"
        }
      ],
      "1": [
        {
          "breed": "Labrador Retriever",
          "type": "Dog"
        },
        {
          "breed": "Golden Retriever",
          "type": "Dog"
        },
        {
          "breed": "German Shepherd Dog",
          "type": "Dog"
        },
        {
          "breed": "Spitz",
          "type": "Dog"
        },
        {
          "breed": "Jack Russell Terrier",
          "type": "Dog"
        },
        {
          "breed": "Bengal",
          "type": "Cat"
        },
        {
          "breed": "Russian Blue",
          "type": "Cat"
        }
      ],
      "2": [
        {
          "breed": "Mixed Breed",
          "type": "Dog"
        },
        {
          "breed": "Rottweiler",
          "type": "Dog"
        },
        {
          "breed": "Doberman Pinscher",
          "type": "Dog"
        },
        {
          "breed": "Cocker Spaniel",
          "type": "Dog"
        },
        {
          "breed": "Beagle",
          "type": "Dog"
        }
      ],
      "3": [
        {
          "breed": "Shih Tzu",
          "type": "Dog"
        },
        {
          "breed": "Poodle",
          "type": "Dog"
        },
        {
          "breed": "Chihuahua",
          "type": "Dog"
        },
        {
          "breed": "Siamese",
          "type": "Cat"
        },
        {
          "breed": "Calico",
          "type": "Cat"
        }
      ],
      "4": [
        {
          "breed": "Terrier",
          "type": "Dog"
        },
        {
          "breed": "Miniature Pinscher",
          "type": "Dog"
        }
      ],
      "5": [
        {
          "breed": "Husky",
          "type": "Dog"
        },
        {
          "breed": "Tortoiseshell",
          "type": "Cat"
        }
      ]
    },
    "cluster_speed": {
      "0": [
        0.0405,
        0.2473,
        0.2705,
        0.1878,
        0.2539
      ],
      "1": [
        0.0423,
        0.2394,
        0.3099,
        0.2535,
        0.1549
      ],
      "2": [
        0.0141,
        0.1582,
        0.2701,
        0.2312,
        0.3264
      ],
      "3": [
        0.0376,
        0.3233,
        0.2932,
        0.218,
        0.1278
      ],
      "4": [
        0.0227,
        0.2273,
        0.25,
        0.3409,
        0.1591
      ],
      "5": [
        0.04,
        0.16,
        0.4,
        0.24,
        0.16
      ]
    }
  }
}