{
  "labels": [
    "Type",
    "Age",
    "Breed1",
    "Breed2",
    "Gender",
    "Color1",
    "Color2",
    "Color3",
    "MaturitySize",
    "FurLength",
    "Vaccinated",
    "Dewormed",
    "Sterilized",
    "Health",
    "Quantity",
    "Fee",
    "VideoAmt",
    "PhotoAmt",
    "AdoptionSpeed"
  ],
  "matrix": [
    [
      1.0,
      -0.1472,
      0.0577,
      -0.0436,
      0.0608,
      0.0977,
      0.2463,
      0.2017,
      -0.1718,
      0.003,
      0.1029,
      0.0255,
      0.0067,
      -0.0069,
      0.0364,
      -0.0421,
      -0.006,
      0.0494,
      -0.0912
    ],
    [
      -0.1472,
      1.0,
      -0.3143,
      -0.041,
      -0.1234,
      0.0904,
      -0.0394,
      -0.0535,
      0.0937,
      0.1531,
      -0.1361,
      -0.0534,
      -0.1895,
      0.1032,
      -0.1131,
      0.0892,
      -0.016,
      -0.0848,
      0.1005
    ],
    [
      0.0577,
      -0.3143,
      1.0,
      -0.1571,
      0.0713,
      -0.0355,
      -0.0071,
      -0.0007,
      -0.0105,
      -0.1081,
      0.0465,
      0.0132,
      0.0527,
      -0.0349,
      0.0902,
      -0.1895,
      0.0206,
      0.0434,
      0.1078
    ],
    [
      -0.0436,
      -0.041,
      -0.1571,
      1.0,
      0.0569,
      -0.0203,
      0.003,
      0.0357,
      0.0499,
      0.1062,
      0.0056,
      -0.0098,
      -0.006,
      -0.0293,
      0.0381,
      0.0135,
      0.0016,
      0.046,
      -0.0186
    ],
    [
      0.0608,
      -0.1234,
      0.0713,
      0.0569,
      1.0,
      -0.1154,
      0.0265,
      0.2593,
      -0.0918,
      -0.0304,
      0.0787,
      0.0914,
      0.0406,
      -0.0452,
      0.4945,
      -0.0505,
      0.0168,
      0.0984,
      0.0576
    ],
    [
      0.0977,
      0.0904,
      -0.0355,
      -0.0203,
      -0.1154,
      1.0,
      -0.1133,
      -0.2829,
      -0.0295,
      0.067,
      -0.0175,
      -0.0193,
      -0.0371,
      0.0244,
      -0.1167,
      0.0542,
      -0.0064,
      -0.0413,
      -0.0442
    ],
    [
      0.2463,
      -0.0394,
      -0.0071,
      0.003,
      0.0265,
      -0.1133,
      1.0,
      0.0887,
      -0.0652,
      -0.0088,
      0.0262,
      0.0058,
      0.0074,
      -0.0043,
      0.0199,
      -0.0173,
      0.024,
      0.0591,
      -0.0386
    ],
    [
      0.2017,
      -0.0535,
      -0.0007,
      0.0357,
      0.2593,
      -0.2829,
      0.0887,
      1.0,
      -0.0517,
      0.0136,
      0.0541,
      0.0486,
      0.0389,
      -0.0248,
      0.2725,
      -0.0198,
      0.0195,
      0.1037,
      -0.007
    ],
    [
      -0.1718,
      0.0937,
      -0.0105,
      0.0499,
      -0.0918,
      -0.0295,
      -0.0652,
      -0.0517,
      1.0,
      0.0951,
      -0.0877,
      -0.0674,
      -0.0663,
      -0.013,
      -0.0428,
      0.0411,
      0.017,
      0.0156,
      0.0457
    ],
    [
      0.003,
      0.1531,
      -0.1081,
      0.1062,
      -0.0304,
      0.067,
      -0.0088,
      0.0136,
      0.0951,
      1.0,
      -0.006,
      0.0165,
      0.0321,
      0.0281,
      -0.0384,
      0.1597,
      -0.0147,
      -0.0316,
      -0.0913
    ],
    [
      0.1029,
      -0.1361,
      0.0465,
      0.0056,
      0.0787,
      -0.0175,
      0.0262,
      0.0541,
      -0.0877,
      -0.006,
      1.0,
      0.7226,
      0.4712,
      0.0789,
      0.1253,
      -0.1219,
      -0.0327,
      -0.0527,
      -0.059
    ],
    [
      0.0255,
      -0.0534,
      0.0132,
      -0.0098,
      0.0914,
      -0.0193,
      0.0058,
      0.0486,
      -0.0674,
      0.0165,
      0.7226,
      1.0,
      0.4263,
      0.0722,
      0.1414,
      -0.106,
      -0.037,
      -0.099,
      -0.0132
    ],
    [
      0.0067,
      -0.1895,
      0.0527,
      -0.006,
      0.0406,
      -0.0371,
      0.0074,
      0.0389,
      -0.0663,
      0.0321,
      0.4712,
      0.4263,
      1.0,
      0.0579,
      0.1019,
      -0.0638,
      -0.0187,
      -0.0621,
      -0.0834
    ],
    [
      -0.0069,
      0.1032,
      -0.0349,
      -0.0293,
      -0.0452,
      0.0244,
      -0.0043,
      -0.0248,
      -0.013,
      0.0281,
      0.0789,
      0.0722,
      0.0579,
      1.0,
      -0.0346,
      -0.0101,
      -0.005,
      -0.024,
      0.0294
    ],
    [
      0.0364,
      -0.1131,
      0.0902,
      0.0381,
      0.4945,
      -0.1167,
      0.0199,
      0.2725,
      -0.0428,
      -0.0384,
      0.1253,
      0.1414,
      0.1019,
      -0.0346,
      1.0,
      -0.0605,
      0.0083,
      0.1378,
      0.0629
    ],
    [
      -0.0421,
      0.0892,
      -0.1895,
      0.0135,
      -0.0505,
      0.0542,
      -0.0173,
      -0.0198,
      0.0411,
      0.1597,
      -0.1219,
      -0.106,
      -0.0638,
      -0.0101,
      -0.0605,
      1.0,
      -0.0008,
      0.0051,
      -0.004
    ],
    [
      -0.006,
      -0.016,
      0.0206,
      0.0016,
      0.0168,
      -0.0064,
      0.024,
      0.0195,
      0.017,
      -0.0147,
      -0.0327,
      -0.037,
      -0.0187,
      -0.005,
      0.0083,
      -0.0008,
      1.0,
      0.2272,
      -0.0006
    ],
    [
      0.0494,
      -0.0848,
      0.0434,
      0.046,
      0.0984,
      -0.0413,
      0.0591,
      0.1037,
      0.0156,
      -0.0316,
      -0.0527,
      -0.099,
      -0.0621,
      -0.024,
      0.1378,
      0.0051,
      0.2272,
      1.0,
      -0.0232
    ],
    [
      -0.0912,
      0.1005,
      0.1078,
      -0.0186,
      0.0576,
      -0.0442,
      -0.0386,
      -0.007,
      0.0457,
      -0.0913,
      -0.059,
      -0.0132,
      -0.0834,
      0.0294,
      0.0629,
      -0.004,
      -0.0006,
      -0.0232,
      1.0
    ]
  ],
  "top_pairs": [
    {
      "feature1": "Vaccinated",
      "feature2": "Dewormed",
      "correlation": 0.7226
    },
    {
      "feature1": "Gender",
      "feature2": "Quantity",
      "correlation": 0.4945
    },
    {
      "feature1": "Vaccinated",
      "feature2": "Sterilized",
      "correlation": 0.4712
    },
    {
      "feature1": "Dewormed",
      "feature2": "Sterilized",
      "correlation": 0.4263
    },
    {
      "feature1": "Age",
      "feature2": "Breed1",
      "correlation": -0.3143
    },
    {
      "feature1": "Color1",
      "feature2": "Color3",
      "correlation": -0.2829
    },
    {
      "feature1": "Color3",
      "feature2": "Quantity",
      "correlation": 0.2725
    },
    {
      "feature1": "Gender",
      "feature2": "Color3",
      "correlation": 0.2593
    },
    {
      "feature1": "Type",
      "feature2": "Color2",
      "correlation": 0.2463
    },
    {
      "feature1": "VideoAmt",
      "feature2": "PhotoAmt",
      "correlation": 0.2272
    },
    {
      "feature1": "Type",
      "feature2": "Color3",
      "correlation": 0.2017
    },
    {
      "feature1": "Age",
      "feature2": "Sterilized",
      "correlation": -0.1895
    },
    {
      "feature1": "Breed1",
      "feature2": "Fee",
      "correlation": -0.1895
    },
    {
      "feature1": "Type",
      "feature2": "MaturitySize",
      "correlation": -0.1718
    },
    {
      "feature1": "FurLength",
      "feature2": "Fee",
      "correlation": 0.1597
    }
  ]
}